000000000000589985000000000000
000000000000589985000000000000
000000000000589985000000000000
000000000000589985000000000000
000000000000589985000000000000
000000000000589985000000000000
000000000000589985000000000000
555555555555589985555555555555
888888888888589985888888888888
999999999999589985999999999999
888888888888589985888888888888
555555555555589985555555555555
000000000000589985000000000000
000000000000589985000000000000
000000000000589985000000000000
000000000000589985000000000000
000000000000589985000000000000
000000000000589985000000000000
000000000000589985000000000000
000000000000589985000000000000
